6923.0
00000000000000000000000000000000000000000000000000000000000000000000000000000000000000000000000000000000000000000000000000000000000000000000
00000000000000000000000000000000000000000000000000000000000000000000000000000000000000000000000000000000000000000000000000000000000000000000
00000000000000000000000000000000000000000000000000000000000000000000000000000000000000000000000000000000000000000000000000000000000000000000
00000000000000000000000000000000000000000000000000000000000000000000000000000000000000000000000000000000000000000000000000000000000000000000
00000000000000000000000000000000000000001100000000000000000000000000000000000000000000000000000000000000000000000000000000000000000000000000
00000000000000000000000000000000000000001111011000110000000000000000000000000000000000011000000000000000000000000000000000000000000000000000
00000000000000000000000000000000001100111111111000110001111000000000000000000000000000011000000000000000000000000000000000000000000000000000
00000000000000000000000000000000111111111111111110111101111000000000000000000000000001111000000000000000000000000000000000000000000000000000
00000000000000000000000011011011111111111111211110111101111100000000000000000000000001111000000000000000000000000000000000000000000000000000
00000000000000000000000111111111111211111111211211111101111100000000000000000000000000011011000000000000000000000000000000000000000000000000
00000000000000000000000111111111111111111111111111111101111111000000000000000000000000011111111100000000000000000000000000000000000000000000
00000000000000000000000011111111111111111111111111112111111111110000000110000110000000011111111100011000000000000000000000000000000000000000
00000000000000000011000111111111111111111111111111111111111111111000000110000110111110011121111110011100000000000000000000000000000000000000
00000000000001110011111111111111111111111111111111111111111122111111100111001111111111111111111110011100000000000000000000000000000000000000
00000000011111110011111111111111111111111111111111111111111112111111101111001111111111111111111110111110000000000000000000000000000000000000
00000000011111111121111111111111111111111111111111111111111112111111111111101112111111112111111111111110111000000000000000000000000000000000
00000011111111111121111111111112111111111111111111111111111122211111112111111111211111111112111111111111111111000000000000000000000000000000
00000011111111112112112111111111111111111111111111111111111122221111111111112111111111111111111211111111111111000000000000000000000000000000
00000001111111111111111111111111111111111111111121111111122111111112111111111111111111111111111111111111111111100000110000000000000000000000
00000000111111121111111111111111111111111111111111111111111111111111111111111111111111111111111111111111211111100000111000000000000000000000
00000000111111111112111111111111111111121111111111121121111111111111111211111111111111111111111111111111111111111000111000000000000000000000
00000000111121111112111111111111111111111112111111111111111111111111111111111111111111111211111111111121111111111101111001100000000000000000
00000001111111111111111111111111111111111111111111111111111111111111111111111112111111111111111111111121111121111111111111100000000000000000
00000001111111111111111111211211111111111111112111111111111111111211111111111111111111111111211211111111111111111112111111111000000000000000
00000111112111111111111111111111111111112211111111111111111111111111111111111111111111111111111111111211111111111111111211111000000000000000
00000111111111111111111111111111111111111111111111111111111121111111111111111111111211111111111111111111111111111111111111111000000000000000
00000111111111111111111111111111111111111111111111211111111111111112111111111111111111111111111111111111111111111111121111111100000000000000
00000001110111111112112111111111111121111211111111111111111111111111111111111111111111111111111111111211111111211111111111111100000000000000
00000000000111111111111111111111112111111111111111111111111111111111111111111111111111111111111111111111111111112111111111111110110000000000
00000000000111111111111111111111111111111111111111111111111111111111111111111111111111111111111111111111111111111111111111121110111000000000
00000000000111111111111111111111111112111111111111111111111111111111111111111111111111121111111111111211111111111111111112111111111000000000
00000000000001111111111111111111112111111111111111111111111111111111111111111111111111111111111111111111111111111111111111111111111110000000
00000000000001111111111111111111111111111111111111111111111111111111111111111111111111111111112111111111111111111111111111111111111110000000
00000000000000111111111111111111111111111111111111111111111111111111111111111111111111111111111111111111111121111111111111111211111110000000
00000000000000111111111111111111111111111111111111111111111121111111111111111111111111111111111111111111111112111111111111111111111110000000
00000000000001111111111111111111111111111111111111111111111111111111111111111111111111111111111111111111111111111111111111111111111111000000
00000000000001111111111111111111111111111111111111111111111111112111111111111111111121111111111111111111111111111111111111111111111111100000
00000000000000111111111111111111111112111111111111111111111111111111111111111111111111111111111111111111111111111111111211111111111111100000
00000000000000111111111111111111111111111111111121112111121112111111111111111111111111111111111111111111111111111111111111111111121100000000
00000000000001111111121111111111111111111111111111111111111111111111111111111111111111112111111111111111111112111111111111111111111100000000
00000000000001111111111211111111111111111211111111111111112111111111111211111111111111111111111211111121111111111111111111111111111100000000
00000000000001111111111111111111111111111111111111111111111111111111111111111111111111111211211111111111111111111111111111111111111111110000
00000000001101111111111111111111111111111111111111111111111111111111111111211111111111111111111111111111111111111111111111111112111111110000
00000000111111111111111121111111111111111211111111211111111111111111111111111111111111111111121121111111111111111111111111111111111111110000
00000000111111111111111111111111211111111111111111111111111111111111111111111111111111111111111111111111111111111111111111111111111111110000
00000011111111121111111111111111111111111111111111111111111111111111111111111111111111111111111111111111111111111111111111111111111111110000
00000011111111111111111111111111111111111111111111111112111112112111111111111111111111111111111111111111111111111111111111111111111111110000
00000001111111111111111111111111111111111111111111111111111211111111111111111111111111111111111111121111111111211111111111111111111111111111
00000001111111111111111111111111111111111111111111111111121111111111111111111111111111111111121111111111111111111111111111112111111111111111
00000001122111111111111111111111112111111111111111111111111111111121111211112111111111111211112111111111111111121111111111111111111111100000
00000111122112111111111111111111111111111111111211111121111111111111112111111111111111111111111111111111111111111111111111111111111111111000
00001111111111111111111111111111111111112111111111111111111111111111111111111111111111111111111111111111111111111111111111111111111111111000
00111111111111111111111111111111111111121111211111111111111111111111111111111111111111111111111111111111111111111111111111111111111111111000
00111111111111111111111111121111111111111111111112111111121111111111111111111111111111112111111111111111111111111111111111111111111111100000
00111111111111111111111111111111111121111111111111111111111111111111111111121111111111111111111111111111111111111111111111111111111111100000
00011111112112111111111111111111111111111111111111112111111111111111111111111111111111111111111111111111111111111111111111111111111111100000
00011111111121111112111111111111111111111111111111111111112111111111111111111111111111111111111111111111111111111111111111111111111111100000
00111111111111111111111111111111111111111111111111111111111111111111111111121111111111111111111111111111111111111111111111211111211110000000
00111111111111111111111111111111111111111211111111111111111111111111111211111111111111111111111111111111111111111111111111111111111100000000
00011112111111111111111111211111111111211111111111111111111111111111111111111111111111111111111111111111111111111111121111111111110000000000
00011211111112111111111111111111112111111111111111111111111112111222111111112221111111111111111111111111111111111111111111111111110000000000
00011111111111111111111111111111111111121111111111111111111111211222211111222222111111111111111111111111111111111111111211111111110000000000
00111111111111111111111111111111111111111121111111111111111111222222222111222222111111111111111111111111111111111111111112111111000000000000
00111111111111111111111111111111111111111111111111111111111111222222222112222222111111121111211111111111111111111111111111111111000000000000
00011111111111111111111111111111111111111111111111111111111111122222222222222222111111111121111111111111111111111111111111111111100000000000
00011011011111111111121111111111111111111111111111111111111111122222222222222222211111111111112111121111111111111111111111111111111000000000
00000000011111111111112111111111111111111111111111111111111111112222222222222222222211111111111111111111111111111111111111111111111111000000
00000000011111111111111111111111111111111121121121121111111111112222222222222222221111111111111111111111111111111111111111111111121111000000
00000001111111111112111111211121111111111111111111111111111121122222222222222222221111111211111111111111111111111111111111111111111110000000
00000001111111111111111111112111111111111111111111111111111112222222222222222222111111111111111111111111111111111111111112112111111100000000
00000001111111111111111211111111111111111111111111112112111112222222222222222222111121111111111111111111111111111111111111111211111110000000
00000001111211211111111111111111112111111111111111111111111112222222222222222222111111111211111111111111111111111111111111111111111110000000
00000000001111111111111111111111111111111111112111111111111222222222222222222222111111111111111111111111111111112111111111111111110000000000
00000000001111111111111111111111121111112111111111111111222222222222222222222221111111111111111111111111111121111111111111111111111000000000
00000000001111112111111111111111111111111211111111111111111222222222222222222211111111111111111111111111111111111111111111111111111011000000
00000000011111111111111111111111111111111111111111111111111222222222222222222211112211111111111211111111111111111111121111111111211111000000
00000000011111111111111111111111211111211111111111111111111222222222222222222221112111111111111111111111111111111111111111111111111111111000
00000000000111111111111111111111111111111111111121121111111122222222222222222211112111112111111111211111111111111111111121111111111111111100
00000000000111111111111211111111111111111111111111111111111122222222222222222211111112112111111111111111111111112111111211111111111111111100
00000000001111111111112111111111111111211211111111111111111222222222222222222222111111111111111111111111111111111111111111111111111211111000
00000000001111111111111111111111111111111111111111111111111122112221122222211222211111111111111111121111111111111111111121111111111111110000
00000000000011111111111112111111111111111111211111111111111111111211112222211112211111111111111121111111111111111111111112111111111111110000
00000000000011111111111111111111111111111112111111111121121111111211112222211112112111111111111111111111111111111111111111111111111111100000
00000000000111111111111111111111111111111111111111111111111121111111111111111111111111111111121111111211111111111111111121111111111111100000
00000000111111111111121111111111111111111111111111112111111111111111111111111111111111111111211112111121111111111111111111111111211000000000
00000000111111111111111111111111112111111111111111111111111111111111111111111111111111111111111111111111111111111111111111111111111100000000
00000000011111111111111111112111111111111111111111111111111121111111111111111111111111211211111111111111111111111111111111111111111100000000
00000000001111111111111111111111111111111111121111111111111111111111111111111111111121111211111111111111111111111112111111111111000000000000
00000000112111111111111111111111111111111111111111112112111111111111111111111111111111111111111111111111111111111211111111111111000000000000
00000001112111111111111111111111111111111111111111111111111111111111111121111111111111111111111121111111111111111111111111121111111100000000
00000001112112111111111111111111111111111111121111111111111111111111111111111111111112111111111111111111111111111111111111111211111100000000
00000001111111111112111111111111112111111111111111111111111111111111111111111111211111111111111111111111111111111111111111111111111100000000
00000001111111111111111111111111211111111111211111111111111111111111111111111111111111112111111121111111111111111111111111111111111100000000
00000000112112111111111111111111111111111112111111111111111112111111111111112111111111211111111111111111111111111111111111121111111100000000
00000111111111111112111111111111111111111111111111111111111111111111211112111111112111111112111111111111111111111111111111111111110000000000
00000111111111111111121111112111111121111111111111111111111111112111111111111111111111111111111111111111111111111111111111111111110000000000
00000011111111111111111111111111111111111211111111111111111111111111111111111111111111111111111111111111111111111111111111111211111100000000
00000111111111111111111111111112111111111111111112111121111111111111111112111111111111111111111111111111111111111111111111111111111100000000
00000111112111121111111111111111111121111111111111111111111111111111111111111111111111111111111111111111111112111111111111111111211111100000
00000011111111111111111111111111111111111111111111111111112111111111111111111111111211111111111111111111111111111111111111111111111111100000
00000111111111111111111111111111111111111111111111111111111111111111111111111112111111111111111111111111111111111111111211111111111110000000
00000111111111111111211111111111211111211111112111111111111111111111111111111111111111111111111111111111111111111111121111111111111111110000
00000001111111111111111111111112111111111111111121111111111111111121111111121111111111111111111122111111111111111111111111111111111111110000
00000001111111111111111112111111111111111111111111111111111111121111111111111112111111111111111111111111111111111111111111111111121111100000
00000001111111111111112111111111111121111111111111111111111111111111111111111111111111111111111111112111111111111111111111111111211111100000
00000111111111111111111111111111111111111111111111111111111111111111111111111111111111111111111111111111111111111111111111111111211111100000
00000111111111111111111111111111111111111111111111111121111111111111111111111111111111211211111111111121111211111211111211111111221111100000
00000111111111111111111111111111111111111111111111111111111111111111111111111111111111111111111111111111111111111111111111111111111111000000
00011111111111111112111111111111111111111111111111111111111111121111111111111111111111111111111111111111111111211111111111111111111100000000
00011111111111111111111111111111111111111111111111211111111111111111111111111111111111111111111111111111111111111111111111111111111000000000
00001111111111111111111111111111111111211111111111111111111111111111111111111111111111111111111111111111111111111121111111111111111000000000
00001111111111111111111111111111111111111111111111111111111111111111111111111111111111111111111111111211211111211211111111111111111000000000
00000011111111111111111111111111111111111111111111111111111111111111111111111111111111111111111111111111111111111111111111111211000000000000
00000111111111111111111111111111121111112111111111111111111111111111111111111111111111111111111111111111111211111111111111121111000000000000
00000111211111111111111111111111111111111112111111111111111111111112111121111111111111111111111111121111111111111112111111111111000000000000
00000011211111121111111111111111111111111111111111111111111111111111111111111111111111111111111111111111111111121111111111111111110000000000
00000000111122221111111111111111111111111111111111111111111111111111111111111111111111121111111111111111111111111121111111111111111110000000
00000000111112211111111111111111111111111112111111111111111211111111111111111111111111111111111111111111111111111111121111111111111110000000
00000000001111111111111111111111111211111111111111111111111111111121111111111111211111111111111111111111111111111110111111121111111100000000
00000000001111111111111111121111112111111111111111111112111111111211111111111111111111121121111111111111111111111100111111111111110000000000
00000000001111111111111211111111111111111111111211111111111111111111111111111112111111111111111111111111111111111000000011111111110000000000
00000000000011011111101111111111111211111111111111111111111121111111111111111111111111111111111111111111111111011000000001111011110000000000
00000000000011000111101111111111111111111111111121111111111111111111111111111111111111111121111111111112111100000000000111111000111000000000
00000000000000000000000112112112111111111111111111111111111111112111111111111111111111111111111111111111111111000000000111100000111000000000
00000000000000000000000111111111111111111111111111111111111111111111111111111121111111111111111111111101111111000000000000000000000000000000
00000000000000000000000111111111111111111111111111111111111111111111111111111111111111111111111111110000110000000000000000000000000000000000
00000000000000000000000111101121111111111111211111111111111111111111111111111111111112111111111111000000000000000000000000000000000000000000
00000000000000000000000000001111111111111111111111111111111111111111112111111111111111111111111111100000000000000000000000000000000000000000
00000000000000000000000000001111111111111111111111111111111111111111111111111211111111111111111111100000000000000000000000000000000000000000
00000000000000000000000000000111111101111111211111111111111111111111111111111111111111111111111111000000000000000000000000000000000000000000
00000000000000000000000000001111111101110112111112111111111111111111111111111111111121111111111111100000000000000000000000000000000000000000
00000000000000000000000000001111111100110011111111111112211011111111111111111111111111111111111111111000000000000000000000000000000000000000
00000000000000000000000000000110001100000011111111111111211011111111110001111111111111111111110111111000000000000000000000000000000000000000
00000000000000000000000000000000000000000001111110011111100000111111000011111111111111011111000111111000000000000000000000000000000000000000
00000000000000000000000000000000000000000001111100000011100000011111000011111111111111000011110111100000000000000000000000000000000000000000
00000000000000000000000000000000000000000000001100000000000000011100000001100000000110001111110000000000000000000000000000000000000000000000
00000000000000000000000000000000000000000000001100000000000000000000000000000000000000001111100000000000000000000000000000000000000000000000
00000000000000000000000000000000000000000000000000000000000000000000000000000000000000000011100000000000000000000000000000000000000000000000
00000000000000000000000000000000000000000000000000000000000000000000000000000000000000000000000000000000000000000000000000000000000000000000
00000000000000000000000000000000000000000000000000000000000000000000000000000000000000000000000000000000000000000000000000000000000000000000
794
